(kicad_pcb (version 20171130) (host pcbnew "(5.1.9)-1")

  (general
    (thickness 1.6)
    (drawings 5)
    (tracks 533)
    (zones 0)
    (modules 57)
    (nets 76)
  )

  (page A4)
  (layers
    (0 F.Cu signal)
    (31 B.Cu signal)
    (32 B.Adhes user hide)
    (33 F.Adhes user)
    (34 B.Paste user hide)
    (35 F.Paste user hide)
    (36 B.SilkS user hide)
    (37 F.SilkS user)
    (38 B.Mask user hide)
    (39 F.Mask user hide)
    (40 Dwgs.User user hide)
    (41 Cmts.User user hide)
    (42 Eco1.User user hide)
    (43 Eco2.User user hide)
    (44 Edge.Cuts user)
    (45 Margin user hide)
    (46 B.CrtYd user)
    (47 F.CrtYd user)
    (48 B.Fab user hide)
    (49 F.Fab user hide)
  )

  (setup
    (last_trace_width 0.3)
    (user_trace_width 0.3)
    (trace_clearance 0.2)
    (zone_clearance 0.508)
    (zone_45_only no)
    (trace_min 0.2)
    (via_size 0.8)
    (via_drill 0.4)
    (via_min_size 0.3)
    (via_min_drill 0.3)
    (uvia_size 0.3)
    (uvia_drill 0.1)
    (uvias_allowed no)
    (uvia_min_size 0.2)
    (uvia_min_drill 0.1)
    (edge_width 0.05)
    (segment_width 0.2)
    (pcb_text_width 0.3)
    (pcb_text_size 1.5 1.5)
    (mod_edge_width 0.12)
    (mod_text_size 1 1)
    (mod_text_width 0.15)
    (pad_size 1.524 1.524)
    (pad_drill 0.762)
    (pad_to_mask_clearance 0)
    (aux_axis_origin 0 0)
    (visible_elements 7FFFFFFF)
    (pcbplotparams
      (layerselection 0x010fc_ffffffff)
      (usegerberextensions false)
      (usegerberattributes true)
      (usegerberadvancedattributes true)
      (creategerberjobfile true)
      (excludeedgelayer true)
      (linewidth 0.100000)
      (plotframeref false)
      (viasonmask false)
      (mode 1)
      (useauxorigin false)
      (hpglpennumber 1)
      (hpglpenspeed 20)
      (hpglpendiameter 15.000000)
      (psnegative false)
      (psa4output false)
      (plotreference true)
      (plotvalue true)
      (plotinvisibletext false)
      (padsonsilk false)
      (subtractmaskfromsilk false)
      (outputformat 1)
      (mirror false)
      (drillshape 1)
      (scaleselection 1)
      (outputdirectory ""))
  )

  (net 0 "")
  (net 1 OSC_IN)
  (net 2 GND)
  (net 3 OSC_OUT)
  (net 4 +3V3)
  (net 5 +5V)
  (net 6 +3.3VA)
  (net 7 NRST)
  (net 8 /ESP_RST)
  (net 9 ACS_SUPPLY)
  (net 10 "Net-(D1-Pad2)")
  (net 11 "Net-(D2-Pad2)")
  (net 12 "Net-(D3-Pad2)")
  (net 13 SWCLK)
  (net 14 SWDIO)
  (net 15 "Net-(J3-Pad8)")
  (net 16 "Net-(J3-Pad1)")
  (net 17 /SD_CS)
  (net 18 /SD_MOSI)
  (net 19 /SD_SCLK)
  (net 20 /SD_MISO)
  (net 21 "Net-(J4-Pad2)")
  (net 22 "Net-(J4-Pad3)")
  (net 23 "Net-(J4-Pad4)")
  (net 24 "Net-(J5-Pad1)")
  (net 25 "Net-(J5-Pad2)")
  (net 26 "Net-(JP1-Pad2)")
  (net 27 "Net-(JP2-Pad1)")
  (net 28 /ESP_IO0)
  (net 29 BOOT0)
  (net 30 TEST_PIN)
  (net 31 CELL_3)
  (net 32 NTC)
  (net 33 CELL_2)
  (net 34 CELL_1)
  (net 35 "Net-(U1-Pad1)")
  (net 36 ACS_OUT)
  (net 37 "Net-(U1-Pad16)")
  (net 38 "Net-(U1-Pad17)")
  (net 39 "Net-(U1-Pad18)")
  (net 40 "Net-(U1-Pad19)")
  (net 41 "Net-(U1-Pad20)")
  (net 42 ESP_RX)
  (net 43 ESP_TX)
  (net 44 "Net-(U1-Pad25)")
  (net 45 "Net-(U1-Pad26)")
  (net 46 "Net-(U1-Pad27)")
  (net 47 "Net-(U1-Pad28)")
  (net 48 "Net-(U1-Pad29)")
  (net 49 "Net-(U1-Pad30)")
  (net 50 "Net-(U1-Pad31)")
  (net 51 "Net-(U1-Pad32)")
  (net 52 "Net-(U1-Pad33)")
  (net 53 "Net-(U1-Pad38)")
  (net 54 "Net-(U1-Pad43)")
  (net 55 "Net-(U1-Pad45)")
  (net 56 "Net-(U1-Pad46)")
  (net 57 "Net-(U4-Pad2)")
  (net 58 "Net-(U4-Pad4)")
  (net 59 "Net-(U4-Pad5)")
  (net 60 "Net-(U4-Pad6)")
  (net 61 "Net-(U4-Pad7)")
  (net 62 "Net-(U4-Pad9)")
  (net 63 "Net-(U4-Pad10)")
  (net 64 "Net-(U4-Pad11)")
  (net 65 "Net-(U4-Pad12)")
  (net 66 "Net-(U4-Pad13)")
  (net 67 "Net-(U4-Pad14)")
  (net 68 "Net-(U4-Pad17)")
  (net 69 "Net-(U4-Pad19)")
  (net 70 "Net-(U4-Pad20)")
  (net 71 "Net-(J3-Pad10)")
  (net 72 "Net-(J3-Pad9)")
  (net 73 "Net-(C21-Pad1)")
  (net 74 "Net-(U1-Pad3)")
  (net 75 "Net-(U1-Pad4)")

  (net_class Default "This is the default net class."
    (clearance 0.2)
    (trace_width 0.25)
    (via_dia 0.8)
    (via_drill 0.4)
    (uvia_dia 0.3)
    (uvia_drill 0.1)
    (add_net +3.3VA)
    (add_net +3V3)
    (add_net +5V)
    (add_net /ESP_IO0)
    (add_net /ESP_RST)
    (add_net /SD_CS)
    (add_net /SD_MISO)
    (add_net /SD_MOSI)
    (add_net /SD_SCLK)
    (add_net ACS_OUT)
    (add_net ACS_SUPPLY)
    (add_net BOOT0)
    (add_net CELL_1)
    (add_net CELL_2)
    (add_net CELL_3)
    (add_net ESP_RX)
    (add_net ESP_TX)
    (add_net GND)
    (add_net NRST)
    (add_net NTC)
    (add_net "Net-(C21-Pad1)")
    (add_net "Net-(D1-Pad2)")
    (add_net "Net-(D2-Pad2)")
    (add_net "Net-(D3-Pad2)")
    (add_net "Net-(J3-Pad1)")
    (add_net "Net-(J3-Pad10)")
    (add_net "Net-(J3-Pad8)")
    (add_net "Net-(J3-Pad9)")
    (add_net "Net-(J4-Pad2)")
    (add_net "Net-(J4-Pad3)")
    (add_net "Net-(J4-Pad4)")
    (add_net "Net-(J5-Pad1)")
    (add_net "Net-(J5-Pad2)")
    (add_net "Net-(JP1-Pad2)")
    (add_net "Net-(JP2-Pad1)")
    (add_net "Net-(U1-Pad1)")
    (add_net "Net-(U1-Pad16)")
    (add_net "Net-(U1-Pad17)")
    (add_net "Net-(U1-Pad18)")
    (add_net "Net-(U1-Pad19)")
    (add_net "Net-(U1-Pad20)")
    (add_net "Net-(U1-Pad25)")
    (add_net "Net-(U1-Pad26)")
    (add_net "Net-(U1-Pad27)")
    (add_net "Net-(U1-Pad28)")
    (add_net "Net-(U1-Pad29)")
    (add_net "Net-(U1-Pad3)")
    (add_net "Net-(U1-Pad30)")
    (add_net "Net-(U1-Pad31)")
    (add_net "Net-(U1-Pad32)")
    (add_net "Net-(U1-Pad33)")
    (add_net "Net-(U1-Pad38)")
    (add_net "Net-(U1-Pad4)")
    (add_net "Net-(U1-Pad43)")
    (add_net "Net-(U1-Pad45)")
    (add_net "Net-(U1-Pad46)")
    (add_net "Net-(U4-Pad10)")
    (add_net "Net-(U4-Pad11)")
    (add_net "Net-(U4-Pad12)")
    (add_net "Net-(U4-Pad13)")
    (add_net "Net-(U4-Pad14)")
    (add_net "Net-(U4-Pad17)")
    (add_net "Net-(U4-Pad19)")
    (add_net "Net-(U4-Pad2)")
    (add_net "Net-(U4-Pad20)")
    (add_net "Net-(U4-Pad4)")
    (add_net "Net-(U4-Pad5)")
    (add_net "Net-(U4-Pad6)")
    (add_net "Net-(U4-Pad7)")
    (add_net "Net-(U4-Pad9)")
    (add_net OSC_IN)
    (add_net OSC_OUT)
    (add_net SWCLK)
    (add_net SWDIO)
    (add_net TEST_PIN)
  )

  (module Crystal:Crystal_SMD_HC49-SD (layer F.Cu) (tedit 5A1AD52C) (tstamp 608E681E)
    (at 143.6796 104.8512 180)
    (descr "SMD Crystal HC-49-SD http://cdn-reichelt.de/documents/datenblatt/B400/xxx-HC49-SMD.pdf, 11.4x4.7mm^2 package")
    (tags "SMD SMT crystal")
    (path /608B83BC)
    (attr smd)
    (fp_text reference Y1 (at 6.3926 2.0447 90) (layer F.SilkS)
      (effects (font (size 0.5 0.5) (thickness 0.125)))
    )
    (fp_text value 8M (at 0 3.55) (layer F.Fab)
      (effects (font (size 1 1) (thickness 0.15)))
    )
    (fp_line (start -5.7 -2.35) (end -5.7 2.35) (layer F.Fab) (width 0.1))
    (fp_line (start -5.7 2.35) (end 5.7 2.35) (layer F.Fab) (width 0.1))
    (fp_line (start 5.7 2.35) (end 5.7 -2.35) (layer F.Fab) (width 0.1))
    (fp_line (start 5.7 -2.35) (end -5.7 -2.35) (layer F.Fab) (width 0.1))
    (fp_line (start -3.015 -2.115) (end 3.015 -2.115) (layer F.Fab) (width 0.1))
    (fp_line (start -3.015 2.115) (end 3.015 2.115) (layer F.Fab) (width 0.1))
    (fp_line (start 5.9 -2.55) (end -6.7 -2.55) (layer F.SilkS) (width 0.12))
    (fp_line (start -6.7 -2.55) (end -6.7 2.55) (layer F.SilkS) (width 0.12))
    (fp_line (start -6.7 2.55) (end 5.9 2.55) (layer F.SilkS) (width 0.12))
    (fp_line (start -6.8 -2.6) (end -6.8 2.6) (layer F.CrtYd) (width 0.05))
    (fp_line (start -6.8 2.6) (end 6.8 2.6) (layer F.CrtYd) (width 0.05))
    (fp_line (start 6.8 2.6) (end 6.8 -2.6) (layer F.CrtYd) (width 0.05))
    (fp_line (start 6.8 -2.6) (end -6.8 -2.6) (layer F.CrtYd) (width 0.05))
    (fp_text user %R (at 0 0) (layer F.Fab)
      (effects (font (size 1 1) (thickness 0.15)))
    )
    (fp_arc (start -3.015 0) (end -3.015 -2.115) (angle -180) (layer F.Fab) (width 0.1))
    (fp_arc (start 3.015 0) (end 3.015 -2.115) (angle 180) (layer F.Fab) (width 0.1))
    (pad 1 smd rect (at -4.25 0 180) (size 4.5 2) (layers F.Cu F.Paste F.Mask)
      (net 3 OSC_OUT))
    (pad 2 smd rect (at 4.25 0 180) (size 4.5 2) (layers F.Cu F.Paste F.Mask)
      (net 1 OSC_IN))
    (model ${KISYS3DMOD}/Crystal.3dshapes/Crystal_SMD_HC49-SD.wrl
      (at (xyz 0 0 0))
      (scale (xyz 1 1 1))
      (rotate (xyz 0 0 0))
    )
  )

  (module Capacitor_SMD:C_0805_2012Metric (layer F.Cu) (tedit 5F68FEEE) (tstamp 6091E50D)
    (at 143.002 100.3325 270)
    (descr "Capacitor SMD 0805 (2012 Metric), square (rectangular) end terminal, IPC_7351 nominal, (Body size source: IPC-SM-782 page 76, https://www.pcb-3d.com/wordpress/wp-content/uploads/ipc-sm-782a_amendment_1_and_2.pdf, https://docs.google.com/spreadsheets/d/1BsfQQcO9C6DZCsRaXUlFlo91Tg2WpOkGARC1WS5S8t0/edit?usp=sharing), generated with kicad-footprint-generator")
    (tags capacitor)
    (path /608BAEE9)
    (attr smd)
    (fp_text reference C1 (at -1.844 0 180) (layer F.SilkS)
      (effects (font (size 0.5 0.5) (thickness 0.125)))
    )
    (fp_text value 22pF (at 0 1.68 90) (layer F.Fab)
      (effects (font (size 1 1) (thickness 0.15)))
    )
    (fp_line (start -1 0.625) (end -1 -0.625) (layer F.Fab) (width 0.1))
    (fp_line (start -1 -0.625) (end 1 -0.625) (layer F.Fab) (width 0.1))
    (fp_line (start 1 -0.625) (end 1 0.625) (layer F.Fab) (width 0.1))
    (fp_line (start 1 0.625) (end -1 0.625) (layer F.Fab) (width 0.1))
    (fp_line (start -0.261252 -0.735) (end 0.261252 -0.735) (layer F.SilkS) (width 0.12))
    (fp_line (start -0.261252 0.735) (end 0.261252 0.735) (layer F.SilkS) (width 0.12))
    (fp_line (start -1.7 0.98) (end -1.7 -0.98) (layer F.CrtYd) (width 0.05))
    (fp_line (start -1.7 -0.98) (end 1.7 -0.98) (layer F.CrtYd) (width 0.05))
    (fp_line (start 1.7 -0.98) (end 1.7 0.98) (layer F.CrtYd) (width 0.05))
    (fp_line (start 1.7 0.98) (end -1.7 0.98) (layer F.CrtYd) (width 0.05))
    (fp_text user %R (at 0 0 90) (layer F.Fab)
      (effects (font (size 0.5 0.5) (thickness 0.08)))
    )
    (pad 1 smd roundrect (at -0.95 0 270) (size 1 1.45) (layers F.Cu F.Paste F.Mask) (roundrect_rratio 0.25)
      (net 1 OSC_IN))
    (pad 2 smd roundrect (at 0.95 0 270) (size 1 1.45) (layers F.Cu F.Paste F.Mask) (roundrect_rratio 0.25)
      (net 2 GND))
    (model ${KISYS3DMOD}/Capacitor_SMD.3dshapes/C_0805_2012Metric.wrl
      (at (xyz 0 0 0))
      (scale (xyz 1 1 1))
      (rotate (xyz 0 0 0))
    )
  )

  (module Capacitor_SMD:C_0805_2012Metric (layer F.Cu) (tedit 5F68FEEE) (tstamp 6091E351)
    (at 145.161 100.33 270)
    (descr "Capacitor SMD 0805 (2012 Metric), square (rectangular) end terminal, IPC_7351 nominal, (Body size source: IPC-SM-782 page 76, https://www.pcb-3d.com/wordpress/wp-content/uploads/ipc-sm-782a_amendment_1_and_2.pdf, https://docs.google.com/spreadsheets/d/1BsfQQcO9C6DZCsRaXUlFlo91Tg2WpOkGARC1WS5S8t0/edit?usp=sharing), generated with kicad-footprint-generator")
    (tags capacitor)
    (path /608BB85D)
    (attr smd)
    (fp_text reference C2 (at -1.8415 0 180) (layer F.SilkS)
      (effects (font (size 0.5 0.5) (thickness 0.125)))
    )
    (fp_text value 22pF (at 0 1.68 90) (layer F.Fab)
      (effects (font (size 1 1) (thickness 0.15)))
    )
    (fp_line (start 1.7 0.98) (end -1.7 0.98) (layer F.CrtYd) (width 0.05))
    (fp_line (start 1.7 -0.98) (end 1.7 0.98) (layer F.CrtYd) (width 0.05))
    (fp_line (start -1.7 -0.98) (end 1.7 -0.98) (layer F.CrtYd) (width 0.05))
    (fp_line (start -1.7 0.98) (end -1.7 -0.98) (layer F.CrtYd) (width 0.05))
    (fp_line (start -0.261252 0.735) (end 0.261252 0.735) (layer F.SilkS) (width 0.12))
    (fp_line (start -0.261252 -0.735) (end 0.261252 -0.735) (layer F.SilkS) (width 0.12))
    (fp_line (start 1 0.625) (end -1 0.625) (layer F.Fab) (width 0.1))
    (fp_line (start 1 -0.625) (end 1 0.625) (layer F.Fab) (width 0.1))
    (fp_line (start -1 -0.625) (end 1 -0.625) (layer F.Fab) (width 0.1))
    (fp_line (start -1 0.625) (end -1 -0.625) (layer F.Fab) (width 0.1))
    (fp_text user %R (at 0 0 90) (layer F.Fab)
      (effects (font (size 0.5 0.5) (thickness 0.08)))
    )
    (pad 2 smd roundrect (at 0.95 0 270) (size 1 1.45) (layers F.Cu F.Paste F.Mask) (roundrect_rratio 0.25)
      (net 2 GND))
    (pad 1 smd roundrect (at -0.95 0 270) (size 1 1.45) (layers F.Cu F.Paste F.Mask) (roundrect_rratio 0.25)
      (net 3 OSC_OUT))
    (model ${KISYS3DMOD}/Capacitor_SMD.3dshapes/C_0805_2012Metric.wrl
      (at (xyz 0 0 0))
      (scale (xyz 1 1 1))
      (rotate (xyz 0 0 0))
    )
  )

  (module Capacitor_SMD:C_0805_2012Metric (layer F.Cu) (tedit 5F68FEEE) (tstamp 608E62D9)
    (at 153.9265 87.9475)
    (descr "Capacitor SMD 0805 (2012 Metric), square (rectangular) end terminal, IPC_7351 nominal, (Body size source: IPC-SM-782 page 76, https://www.pcb-3d.com/wordpress/wp-content/uploads/ipc-sm-782a_amendment_1_and_2.pdf, https://docs.google.com/spreadsheets/d/1BsfQQcO9C6DZCsRaXUlFlo91Tg2WpOkGARC1WS5S8t0/edit?usp=sharing), generated with kicad-footprint-generator")
    (tags capacitor)
    (path /60899A7D)
    (attr smd)
    (fp_text reference C3 (at 0 -1.4605) (layer F.SilkS)
      (effects (font (size 0.5 0.5) (thickness 0.125)))
    )
    (fp_text value 100nF (at 0 1.68) (layer F.Fab)
      (effects (font (size 1 1) (thickness 0.15)))
    )
    (fp_line (start -1 0.625) (end -1 -0.625) (layer F.Fab) (width 0.1))
    (fp_line (start -1 -0.625) (end 1 -0.625) (layer F.Fab) (width 0.1))
    (fp_line (start 1 -0.625) (end 1 0.625) (layer F.Fab) (width 0.1))
    (fp_line (start 1 0.625) (end -1 0.625) (layer F.Fab) (width 0.1))
    (fp_line (start -0.261252 -0.735) (end 0.261252 -0.735) (layer F.SilkS) (width 0.12))
    (fp_line (start -0.261252 0.735) (end 0.261252 0.735) (layer F.SilkS) (width 0.12))
    (fp_line (start -1.7 0.98) (end -1.7 -0.98) (layer F.CrtYd) (width 0.05))
    (fp_line (start -1.7 -0.98) (end 1.7 -0.98) (layer F.CrtYd) (width 0.05))
    (fp_line (start 1.7 -0.98) (end 1.7 0.98) (layer F.CrtYd) (width 0.05))
    (fp_line (start 1.7 0.98) (end -1.7 0.98) (layer F.CrtYd) (width 0.05))
    (fp_text user %R (at 0 0) (layer F.Fab)
      (effects (font (size 0.5 0.5) (thickness 0.08)))
    )
    (pad 1 smd roundrect (at -0.95 0) (size 1 1.45) (layers F.Cu F.Paste F.Mask) (roundrect_rratio 0.25)
      (net 4 +3V3))
    (pad 2 smd roundrect (at 0.95 0) (size 1 1.45) (layers F.Cu F.Paste F.Mask) (roundrect_rratio 0.25)
      (net 2 GND))
    (model ${KISYS3DMOD}/Capacitor_SMD.3dshapes/C_0805_2012Metric.wrl
      (at (xyz 0 0 0))
      (scale (xyz 1 1 1))
      (rotate (xyz 0 0 0))
    )
  )

  (module Capacitor_SMD:C_0805_2012Metric (layer B.Cu) (tedit 5F68FEEE) (tstamp 608E62EA)
    (at 147.574 85.9155 270)
    (descr "Capacitor SMD 0805 (2012 Metric), square (rectangular) end terminal, IPC_7351 nominal, (Body size source: IPC-SM-782 page 76, https://www.pcb-3d.com/wordpress/wp-content/uploads/ipc-sm-782a_amendment_1_and_2.pdf, https://docs.google.com/spreadsheets/d/1BsfQQcO9C6DZCsRaXUlFlo91Tg2WpOkGARC1WS5S8t0/edit?usp=sharing), generated with kicad-footprint-generator")
    (tags capacitor)
    (path /60983A80)
    (attr smd)
    (fp_text reference C4 (at 2.1336 0.0254 180) (layer B.SilkS)
      (effects (font (size 0.5 0.5) (thickness 0.125)) (justify mirror))
    )
    (fp_text value 10uF (at 0 -1.68 90) (layer B.Fab)
      (effects (font (size 1 1) (thickness 0.15)) (justify mirror))
    )
    (fp_line (start 1.7 -0.98) (end -1.7 -0.98) (layer B.CrtYd) (width 0.05))
    (fp_line (start 1.7 0.98) (end 1.7 -0.98) (layer B.CrtYd) (width 0.05))
    (fp_line (start -1.7 0.98) (end 1.7 0.98) (layer B.CrtYd) (width 0.05))
    (fp_line (start -1.7 -0.98) (end -1.7 0.98) (layer B.CrtYd) (width 0.05))
    (fp_line (start -0.261252 -0.735) (end 0.261252 -0.735) (layer B.SilkS) (width 0.12))
    (fp_line (start -0.261252 0.735) (end 0.261252 0.735) (layer B.SilkS) (width 0.12))
    (fp_line (start 1 -0.625) (end -1 -0.625) (layer B.Fab) (width 0.1))
    (fp_line (start 1 0.625) (end 1 -0.625) (layer B.Fab) (width 0.1))
    (fp_line (start -1 0.625) (end 1 0.625) (layer B.Fab) (width 0.1))
    (fp_line (start -1 -0.625) (end -1 0.625) (layer B.Fab) (width 0.1))
    (fp_text user %R (at 0 0 90) (layer B.Fab)
      (effects (font (size 0.5 0.5) (thickness 0.08)) (justify mirror))
    )
    (pad 2 smd roundrect (at 0.95 0 270) (size 1 1.45) (layers B.Cu B.Paste B.Mask) (roundrect_rratio 0.25)
      (net 2 GND))
    (pad 1 smd roundrect (at -0.95 0 270) (size 1 1.45) (layers B.Cu B.Paste B.Mask) (roundrect_rratio 0.25)
      (net 5 +5V))
    (model ${KISYS3DMOD}/Capacitor_SMD.3dshapes/C_0805_2012Metric.wrl
      (at (xyz 0 0 0))
      (scale (xyz 1 1 1))
      (rotate (xyz 0 0 0))
    )
  )

  (module Capacitor_SMD:C_0805_2012Metric (layer B.Cu) (tedit 5F68FEEE) (tstamp 608E62FB)
    (at 130.3655 86.426 90)
    (descr "Capacitor SMD 0805 (2012 Metric), square (rectangular) end terminal, IPC_7351 nominal, (Body size source: IPC-SM-782 page 76, https://www.pcb-3d.com/wordpress/wp-content/uploads/ipc-sm-782a_amendment_1_and_2.pdf, https://docs.google.com/spreadsheets/d/1BsfQQcO9C6DZCsRaXUlFlo91Tg2WpOkGARC1WS5S8t0/edit?usp=sharing), generated with kicad-footprint-generator")
    (tags capacitor)
    (path /6093B46E)
    (attr smd)
    (fp_text reference C5 (at -2.14888 0.0127 180) (layer B.SilkS)
      (effects (font (size 0.5 0.5) (thickness 0.125)) (justify mirror))
    )
    (fp_text value 10uF (at 0 -1.68 90) (layer B.Fab)
      (effects (font (size 1 1) (thickness 0.15)) (justify mirror))
    )
    (fp_line (start 1.7 -0.98) (end -1.7 -0.98) (layer B.CrtYd) (width 0.05))
    (fp_line (start 1.7 0.98) (end 1.7 -0.98) (layer B.CrtYd) (width 0.05))
    (fp_line (start -1.7 0.98) (end 1.7 0.98) (layer B.CrtYd) (width 0.05))
    (fp_line (start -1.7 -0.98) (end -1.7 0.98) (layer B.CrtYd) (width 0.05))
    (fp_line (start -0.261252 -0.735) (end 0.261252 -0.735) (layer B.SilkS) (width 0.12))
    (fp_line (start -0.261252 0.735) (end 0.261252 0.735) (layer B.SilkS) (width 0.12))
    (fp_line (start 1 -0.625) (end -1 -0.625) (layer B.Fab) (width 0.1))
    (fp_line (start 1 0.625) (end 1 -0.625) (layer B.Fab) (width 0.1))
    (fp_line (start -1 0.625) (end 1 0.625) (layer B.Fab) (width 0.1))
    (fp_line (start -1 -0.625) (end -1 0.625) (layer B.Fab) (width 0.1))
    (fp_text user %R (at 0 0 90) (layer B.Fab)
      (effects (font (size 0.5 0.5) (thickness 0.08)) (justify mirror))
    )
    (pad 2 smd roundrect (at 0.95 0 90) (size 1 1.45) (layers B.Cu B.Paste B.Mask) (roundrect_rratio 0.25)
      (net 2 GND))
    (pad 1 smd roundrect (at -0.95 0 90) (size 1 1.45) (layers B.Cu B.Paste B.Mask) (roundrect_rratio 0.25)
      (net 5 +5V))
    (model ${KISYS3DMOD}/Capacitor_SMD.3dshapes/C_0805_2012Metric.wrl
      (at (xyz 0 0 0))
      (scale (xyz 1 1 1))
      (rotate (xyz 0 0 0))
    )
  )

  (module Capacitor_SMD:C_0805_2012Metric (layer F.Cu) (tedit 5F68FEEE) (tstamp 608E630C)
    (at 141.55674 95.87742 270)
    (descr "Capacitor SMD 0805 (2012 Metric), square (rectangular) end terminal, IPC_7351 nominal, (Body size source: IPC-SM-782 page 76, https://www.pcb-3d.com/wordpress/wp-content/uploads/ipc-sm-782a_amendment_1_and_2.pdf, https://docs.google.com/spreadsheets/d/1BsfQQcO9C6DZCsRaXUlFlo91Tg2WpOkGARC1WS5S8t0/edit?usp=sharing), generated with kicad-footprint-generator")
    (tags capacitor)
    (path /6089A215)
    (attr smd)
    (fp_text reference C6 (at -1.9025 0.0635 180) (layer F.SilkS)
      (effects (font (size 0.5 0.5) (thickness 0.125)))
    )
    (fp_text value 100nF (at 0 1.68 90) (layer F.Fab)
      (effects (font (size 1 1) (thickness 0.15)))
    )
    (fp_line (start -1 0.625) (end -1 -0.625) (layer F.Fab) (width 0.1))
    (fp_line (start -1 -0.625) (end 1 -0.625) (layer F.Fab) (width 0.1))
    (fp_line (start 1 -0.625) (end 1 0.625) (layer F.Fab) (width 0.1))
    (fp_line (start 1 0.625) (end -1 0.625) (layer F.Fab) (width 0.1))
    (fp_line (start -0.261252 -0.735) (end 0.261252 -0.735) (layer F.SilkS) (width 0.12))
    (fp_line (start -0.261252 0.735) (end 0.261252 0.735) (layer F.SilkS) (width 0.12))
    (fp_line (start -1.7 0.98) (end -1.7 -0.98) (layer F.CrtYd) (width 0.05))
    (fp_line (start -1.7 -0.98) (end 1.7 -0.98) (layer F.CrtYd) (width 0.05))
    (fp_line (start 1.7 -0.98) (end 1.7 0.98) (layer F.CrtYd) (width 0.05))
    (fp_line (start 1.7 0.98) (end -1.7 0.98) (layer F.CrtYd) (width 0.05))
    (fp_text user %R (at 0 0 90) (layer F.Fab)
      (effects (font (size 0.5 0.5) (thickness 0.08)))
    )
    (pad 1 smd roundrect (at -0.95 0 270) (size 1 1.45) (layers F.Cu F.Paste F.Mask) (roundrect_rratio 0.25)
      (net 4 +3V3))
    (pad 2 smd roundrect (at 0.95 0 270) (size 1 1.45) (layers F.Cu F.Paste F.Mask) (roundrect_rratio 0.25)
      (net 2 GND))
    (model ${KISYS3DMOD}/Capacitor_SMD.3dshapes/C_0805_2012Metric.wrl
      (at (xyz 0 0 0))
      (scale (xyz 1 1 1))
      (rotate (xyz 0 0 0))
    )
  )

  (module Capacitor_SMD:C_0805_2012Metric (layer B.Cu) (tedit 5F68FEEE) (tstamp 608E631D)
    (at 149.606 85.9155 270)
    (descr "Capacitor SMD 0805 (2012 Metric), square (rectangular) end terminal, IPC_7351 nominal, (Body size source: IPC-SM-782 page 76, https://www.pcb-3d.com/wordpress/wp-content/uploads/ipc-sm-782a_amendment_1_and_2.pdf, https://docs.google.com/spreadsheets/d/1BsfQQcO9C6DZCsRaXUlFlo91Tg2WpOkGARC1WS5S8t0/edit?usp=sharing), generated with kicad-footprint-generator")
    (tags capacitor)
    (path /60983A86)
    (attr smd)
    (fp_text reference C7 (at 2.159 -0.0381 180) (layer B.SilkS)
      (effects (font (size 0.5 0.5) (thickness 0.125)) (justify mirror))
    )
    (fp_text value 100nF (at 0 -1.68 90) (layer B.Fab)
      (effects (font (size 1 1) (thickness 0.15)) (justify mirror))
    )
    (fp_line (start -1 -0.625) (end -1 0.625) (layer B.Fab) (width 0.1))
    (fp_line (start -1 0.625) (end 1 0.625) (layer B.Fab) (width 0.1))
    (fp_line (start 1 0.625) (end 1 -0.625) (layer B.Fab) (width 0.1))
    (fp_line (start 1 -0.625) (end -1 -0.625) (layer B.Fab) (width 0.1))
    (fp_line (start -0.261252 0.735) (end 0.261252 0.735) (layer B.SilkS) (width 0.12))
    (fp_line (start -0.261252 -0.735) (end 0.261252 -0.735) (layer B.SilkS) (width 0.12))
    (fp_line (start -1.7 -0.98) (end -1.7 0.98) (layer B.CrtYd) (width 0.05))
    (fp_line (start -1.7 0.98) (end 1.7 0.98) (layer B.CrtYd) (width 0.05))
    (fp_line (start 1.7 0.98) (end 1.7 -0.98) (layer B.CrtYd) (width 0.05))
    (fp_line (start 1.7 -0.98) (end -1.7 -0.98) (layer B.CrtYd) (width 0.05))
    (fp_text user %R (at 0 0 90) (layer B.Fab)
      (effects (font (size 0.5 0.5) (thickness 0.08)) (justify mirror))
    )
    (pad 1 smd roundrect (at -0.95 0 270) (size 1 1.45) (layers B.Cu B.Paste B.Mask) (roundrect_rratio 0.25)
      (net 5 +5V))
    (pad 2 smd roundrect (at 0.95 0 270) (size 1 1.45) (layers B.Cu B.Paste B.Mask) (roundrect_rratio 0.25)
      (net 2 GND))
    (model ${KISYS3DMOD}/Capacitor_SMD.3dshapes/C_0805_2012Metric.wrl
      (at (xyz 0 0 0))
      (scale (xyz 1 1 1))
      (rotate (xyz 0 0 0))
    )
  )

  (module Capacitor_SMD:C_0805_2012Metric (layer B.Cu) (tedit 5F68FEEE) (tstamp 608E632E)
    (at 132.3975 86.426 90)
    (descr "Capacitor SMD 0805 (2012 Metric), square (rectangular) end terminal, IPC_7351 nominal, (Body size source: IPC-SM-782 page 76, https://www.pcb-3d.com/wordpress/wp-content/uploads/ipc-sm-782a_amendment_1_and_2.pdf, https://docs.google.com/spreadsheets/d/1BsfQQcO9C6DZCsRaXUlFlo91Tg2WpOkGARC1WS5S8t0/edit?usp=sharing), generated with kicad-footprint-generator")
    (tags capacitor)
    (path /6093C9B6)
    (attr smd)
    (fp_text reference C8 (at -2.14888 -0.00762 180) (layer B.SilkS)
      (effects (font (size 0.5 0.5) (thickness 0.125)) (justify mirror))
    )
    (fp_text value 100nF (at 0 -1.68 90) (layer B.Fab)
      (effects (font (size 1 1) (thickness 0.15)) (justify mirror))
    )
    (fp_line (start -1 -0.625) (end -1 0.625) (layer B.Fab) (width 0.1))
    (fp_line (start -1 0.625) (end 1 0.625) (layer B.Fab) (width 0.1))
    (fp_line (start 1 0.625) (end 1 -0.625) (layer B.Fab) (width 0.1))
    (fp_line (start 1 -0.625) (end -1 -0.625) (layer B.Fab) (width 0.1))
    (fp_line (start -0.261252 0.735) (end 0.261252 0.735) (layer B.SilkS) (width 0.12))
    (fp_line (start -0.261252 -0.735) (end 0.261252 -0.735) (layer B.SilkS) (width 0.12))
    (fp_line (start -1.7 -0.98) (end -1.7 0.98) (layer B.CrtYd) (width 0.05))
    (fp_line (start -1.7 0.98) (end 1.7 0.98) (layer B.CrtYd) (width 0.05))
    (fp_line (start 1.7 0.98) (end 1.7 -0.98) (layer B.CrtYd) (width 0.05))
    (fp_line (start 1.7 -0.98) (end -1.7 -0.98) (layer B.CrtYd) (width 0.05))
    (fp_text user %R (at 0 0 90) (layer B.Fab)
      (effects (font (size 0.5 0.5) (thickness 0.08)) (justify mirror))
    )
    (pad 1 smd roundrect (at -0.95 0 90) (size 1 1.45) (layers B.Cu B.Paste B.Mask) (roundrect_rratio 0.25)
      (net 5 +5V))
    (pad 2 smd roundrect (at 0.95 0 90) (size 1 1.45) (layers B.Cu B.Paste B.Mask) (roundrect_rratio 0.25)
      (net 2 GND))
    (model ${KISYS3DMOD}/Capacitor_SMD.3dshapes/C_0805_2012Metric.wrl
      (at (xyz 0 0 0))
      (scale (xyz 1 1 1))
      (rotate (xyz 0 0 0))
    )
  )

  (module Capacitor_SMD:C_0805_2012Metric (layer B.Cu) (tedit 5F68FEEE) (tstamp 609411D7)
    (at 149.479 98.6155 180)
    (descr "Capacitor SMD 0805 (2012 Metric), square (rectangular) end terminal, IPC_7351 nominal, (Body size source: IPC-SM-782 page 76, https://www.pcb-3d.com/wordpress/wp-content/uploads/ipc-sm-782a_amendment_1_and_2.pdf, https://docs.google.com/spreadsheets/d/1BsfQQcO9C6DZCsRaXUlFlo91Tg2WpOkGARC1WS5S8t0/edit?usp=sharing), generated with kicad-footprint-generator")
    (tags capacitor)
    (path /6089AC5E)
    (attr smd)
    (fp_text reference C9 (at -2.0295 0 270) (layer B.SilkS)
      (effects (font (size 0.5 0.5) (thickness 0.125)) (justify mirror))
    )
    (fp_text value 100nF (at 0 -1.68) (layer B.Fab)
      (effects (font (size 1 1) (thickness 0.15)) (justify mirror))
    )
    (fp_line (start 1.7 -0.98) (end -1.7 -0.98) (layer B.CrtYd) (width 0.05))
    (fp_line (start 1.7 0.98) (end 1.7 -0.98) (layer B.CrtYd) (width 0.05))
    (fp_line (start -1.7 0.98) (end 1.7 0.98) (layer B.CrtYd) (width 0.05))
    (fp_line (start -1.7 -0.98) (end -1.7 0.98) (layer B.CrtYd) (width 0.05))
    (fp_line (start -0.261252 -0.735) (end 0.261252 -0.735) (layer B.SilkS) (width 0.12))
    (fp_line (start -0.261252 0.735) (end 0.261252 0.735) (layer B.SilkS) (width 0.12))
    (fp_line (start 1 -0.625) (end -1 -0.625) (layer B.Fab) (width 0.1))
    (fp_line (start 1 0.625) (end 1 -0.625) (layer B.Fab) (width 0.1))
    (fp_line (start -1 0.625) (end 1 0.625) (layer B.Fab) (width 0.1))
    (fp_line (start -1 -0.625) (end -1 0.625) (layer B.Fab) (width 0.1))
    (fp_text user %R (at 0 0) (layer B.Fab)
      (effects (font (size 0.5 0.5) (thickness 0.08)) (justify mirror))
    )
    (pad 2 smd roundrect (at 0.95 0 180) (size 1 1.45) (layers B.Cu B.Paste B.Mask) (roundrect_rratio 0.25)
      (net 2 GND))
    (pad 1 smd roundrect (at -0.95 0 180) (size 1 1.45) (layers B.Cu B.Paste B.Mask) (roundrect_rratio 0.25)
      (net 4 +3V3))
    (model ${KISYS3DMOD}/Capacitor_SMD.3dshapes/C_0805_2012Metric.wrl
      (at (xyz 0 0 0))
      (scale (xyz 1 1 1))
      (rotate (xyz 0 0 0))
    )
  )

  (module Capacitor_SMD:C_0805_2012Metric (layer F.Cu) (tedit 5F68FEEE) (tstamp 608E6350)
    (at 140.1064 85.5853 270)
    (descr "Capacitor SMD 0805 (2012 Metric), square (rectangular) end terminal, IPC_7351 nominal, (Body size source: IPC-SM-782 page 76, https://www.pcb-3d.com/wordpress/wp-content/uploads/ipc-sm-782a_amendment_1_and_2.pdf, https://docs.google.com/spreadsheets/d/1BsfQQcO9C6DZCsRaXUlFlo91Tg2WpOkGARC1WS5S8t0/edit?usp=sharing), generated with kicad-footprint-generator")
    (tags capacitor)
    (path /6089B077)
    (attr smd)
    (fp_text reference C10 (at -0.2159 1.3843 90) (layer F.SilkS)
      (effects (font (size 0.5 0.5) (thickness 0.125)))
    )
    (fp_text value 100nF (at 0 1.68 90) (layer F.Fab)
      (effects (font (size 1 1) (thickness 0.15)))
    )
    (fp_line (start -1 0.625) (end -1 -0.625) (layer F.Fab) (width 0.1))
    (fp_line (start -1 -0.625) (end 1 -0.625) (layer F.Fab) (width 0.1))
    (fp_line (start 1 -0.625) (end 1 0.625) (layer F.Fab) (width 0.1))
    (fp_line (start 1 0.625) (end -1 0.625) (layer F.Fab) (width 0.1))
    (fp_line (start -0.261252 -0.735) (end 0.261252 -0.735) (layer F.SilkS) (width 0.12))
    (fp_line (start -0.261252 0.735) (end 0.261252 0.735) (layer F.SilkS) (width 0.12))
    (fp_line (start -1.7 0.98) (end -1.7 -0.98) (layer F.CrtYd) (width 0.05))
    (fp_line (start -1.7 -0.98) (end 1.7 -0.98) (layer F.CrtYd) (width 0.05))
    (fp_line (start 1.7 -0.98) (end 1.7 0.98) (layer F.CrtYd) (width 0.05))
    (fp_line (start 1.7 0.98) (end -1.7 0.98) (layer F.CrtYd) (width 0.05))
    (fp_text user %R (at 0 0 90) (layer F.Fab)
      (effects (font (size 0.5 0.5) (thickness 0.08)))
    )
    (pad 1 smd roundrect (at -0.95 0 270) (size 1 1.45) (layers F.Cu F.Paste F.Mask) (roundrect_rratio 0.25)
      (net 4 +3V3))
    (pad 2 smd roundrect (at 0.95 0 270) (size 1 1.45) (layers F.Cu F.Paste F.Mask) (roundrect_rratio 0.25)
      (net 2 GND))
    (model ${KISYS3DMOD}/Capacitor_SMD.3dshapes/C_0805_2012Metric.wrl
      (at (xyz 0 0 0))
      (scale (xyz 1 1 1))
      (rotate (xyz 0 0 0))
    )
  )

  (module Capacitor_SMD:C_0805_2012Metric (layer B.Cu) (tedit 5F68FEEE) (tstamp 60941207)
    (at 149.4815 100.6475 180)
    (descr "Capacitor SMD 0805 (2012 Metric), square (rectangular) end terminal, IPC_7351 nominal, (Body size source: IPC-SM-782 page 76, https://www.pcb-3d.com/wordpress/wp-content/uploads/ipc-sm-782a_amendment_1_and_2.pdf, https://docs.google.com/spreadsheets/d/1BsfQQcO9C6DZCsRaXUlFlo91Tg2WpOkGARC1WS5S8t0/edit?usp=sharing), generated with kicad-footprint-generator")
    (tags capacitor)
    (path /6089F44F)
    (attr smd)
    (fp_text reference C11 (at -2.0295 0 270) (layer B.SilkS)
      (effects (font (size 0.5 0.5) (thickness 0.125)) (justify mirror))
    )
    (fp_text value 1uF (at 0 -1.68) (layer B.Fab)
      (effects (font (size 1 1) (thickness 0.15)) (justify mirror))
    )
    (fp_line (start 1.7 -0.98) (end -1.7 -0.98) (layer B.CrtYd) (width 0.05))
    (fp_line (start 1.7 0.98) (end 1.7 -0.98) (layer B.CrtYd) (width 0.05))
    (fp_line (start -1.7 0.98) (end 1.7 0.98) (layer B.CrtYd) (width 0.05))
    (fp_line (start -1.7 -0.98) (end -1.7 0.98) (layer B.CrtYd) (width 0.05))
    (fp_line (start -0.261252 -0.735) (end 0.261252 -0.735) (layer B.SilkS) (width 0.12))
    (fp_line (start -0.261252 0.735) (end 0.261252 0.735) (layer B.SilkS) (width 0.12))
    (fp_line (start 1 -0.625) (end -1 -0.625) (layer B.Fab) (width 0.1))
    (fp_line (start 1 0.625) (end 1 -0.625) (layer B.Fab) (width 0.1))
    (fp_line (start -1 0.625) (end 1 0.625) (layer B.Fab) (width 0.1))
    (fp_line (start -1 -0.625) (end -1 0.625) (layer B.Fab) (width 0.1))
    (fp_text user %R (at 0 0) (layer B.Fab)
      (effects (font (size 0.5 0.5) (thickness 0.08)) (justify mirror))
    )
    (pad 2 smd roundrect (at 0.95 0 180) (size 1 1.45) (layers B.Cu B.Paste B.Mask) (roundrect_rratio 0.25)
      (net 2 GND))
    (pad 1 smd roundrect (at -0.95 0 180) (size 1 1.45) (layers B.Cu B.Paste B.Mask) (roundrect_rratio 0.25)
      (net 4 +3V3))
    (model ${KISYS3DMOD}/Capacitor_SMD.3dshapes/C_0805_2012Metric.wrl
      (at (xyz 0 0 0))
      (scale (xyz 1 1 1))
      (rotate (xyz 0 0 0))
    )
  )

  (module Capacitor_SMD:C_0805_2012Metric (layer B.Cu) (tedit 5F68FEEE) (tstamp 609064DD)
    (at 143.7005 88.138 180)
    (descr "Capacitor SMD 0805 (2012 Metric), square (rectangular) end terminal, IPC_7351 nominal, (Body size source: IPC-SM-782 page 76, https://www.pcb-3d.com/wordpress/wp-content/uploads/ipc-sm-782a_amendment_1_and_2.pdf, https://docs.google.com/spreadsheets/d/1BsfQQcO9C6DZCsRaXUlFlo91Tg2WpOkGARC1WS5S8t0/edit?usp=sharing), generated with kicad-footprint-generator")
    (tags capacitor)
    (path /60983A8C)
    (attr smd)
    (fp_text reference C12 (at -2.2098 0.0762 90) (layer B.SilkS)
      (effects (font (size 0.5 0.5) (thickness 0.125)) (justify mirror))
    )
    (fp_text value 10uF (at 0 -1.68) (layer B.Fab)
      (effects (font (size 1 1) (thickness 0.15)) (justify mirror))
    )
    (fp_line (start 1.7 -0.98) (end -1.7 -0.98) (layer B.CrtYd) (width 0.05))
    (fp_line (start 1.7 0.98) (end 1.7 -0.98) (layer B.CrtYd) (width 0.05))
    (fp_line (start -1.7 0.98) (end 1.7 0.98) (layer B.CrtYd) (width 0.05))
    (fp_line (start -1.7 -0.98) (end -1.7 0.98) (layer B.CrtYd) (width 0.05))
    (fp_line (start -0.261252 -0.735) (end 0.261252 -0.735) (layer B.SilkS) (width 0.12))
    (fp_line (start -0.261252 0.735) (end 0.261252 0.735) (layer B.SilkS) (width 0.12))
    (fp_line (start 1 -0.625) (end -1 -0.625) (layer B.Fab) (width 0.1))
    (fp_line (start 1 0.625) (end 1 -0.625) (layer B.Fab) (width 0.1))
    (fp_line (start -1 0.625) (end 1 0.625) (layer B.Fab) (width 0.1))
    (fp_line (start -1 -0.625) (end -1 0.625) (layer B.Fab) (width 0.1))
    (fp_text user %R (at 0 0) (layer B.Fab)
      (effects (font (size 0.5 0.5) (thickness 0.08)) (justify mirror))
    )
    (pad 2 smd roundrect (at 0.95 0 180) (size 1 1.45) (layers B.Cu B.Paste B.Mask) (roundrect_rratio 0.25)
      (net 2 GND))
    (pad 1 smd roundrect (at -0.95 0 180) (size 1 1.45) (layers B.Cu B.Paste B.Mask) (roundrect_rratio 0.25)
      (net 6 +3.3VA))
    (model ${KISYS3DMOD}/Capacitor_SMD.3dshapes/C_0805_2012Metric.wrl
      (at (xyz 0 0 0))
      (scale (xyz 1 1 1))
      (rotate (xyz 0 0 0))
    )
  )

  (module Capacitor_SMD:C_0805_2012Metric (layer F.Cu) (tedit 5F68FEEE) (tstamp 608E6383)
    (at 139.52474 95.87742 270)
    (descr "Capacitor SMD 0805 (2012 Metric), square (rectangular) end terminal, IPC_7351 nominal, (Body size source: IPC-SM-782 page 76, https://www.pcb-3d.com/wordpress/wp-content/uploads/ipc-sm-782a_amendment_1_and_2.pdf, https://docs.google.com/spreadsheets/d/1BsfQQcO9C6DZCsRaXUlFlo91Tg2WpOkGARC1WS5S8t0/edit?usp=sharing), generated with kicad-footprint-generator")
    (tags capacitor)
    (path /6093F821)
    (attr smd)
    (fp_text reference C13 (at -1.9025 -0.0635) (layer F.SilkS)
      (effects (font (size 0.5 0.5) (thickness 0.125)))
    )
    (fp_text value 10uF (at 0 1.68 270) (layer F.Fab)
      (effects (font (size 1 1) (thickness 0.15)))
    )
    (fp_line (start 1.7 0.98) (end -1.7 0.98) (layer F.CrtYd) (width 0.05))
    (fp_line (start 1.7 -0.98) (end 1.7 0.98) (layer F.CrtYd) (width 0.05))
    (fp_line (start -1.7 -0.98) (end 1.7 -0.98) (layer F.CrtYd) (width 0.05))
    (fp_line (start -1.7 0.98) (end -1.7 -0.98) (layer F.CrtYd) (width 0.05))
    (fp_line (start -0.261252 0.735) (end 0.261252 0.735) (layer F.SilkS) (width 0.12))
    (fp_line (start -0.261252 -0.735) (end 0.261252 -0.735) (layer F.SilkS) (width 0.12))
    (fp_line (start 1 0.625) (end -1 0.625) (layer F.Fab) (width 0.1))
    (fp_line (start 1 -0.625) (end 1 0.625) (layer F.Fab) (width 0.1))
    (fp_line (start -1 -0.625) (end 1 -0.625) (layer F.Fab) (width 0.1))
    (fp_line (start -1 0.625) (end -1 -0.625) (layer F.Fab) (width 0.1))
    (fp_text user %R (at 0 0 270) (layer F.Fab)
      (effects (font (size 0.5 0.5) (thickness 0.08)))
    )
    (pad 2 smd roundrect (at 0.95 0 270) (size 1 1.45) (layers F.Cu F.Paste F.Mask) (roundrect_rratio 0.25)
      (net 2 GND))
    (pad 1 smd roundrect (at -0.95 0 270) (size 1 1.45) (layers F.Cu F.Paste F.Mask) (roundrect_rratio 0.25)
      (net 4 +3V3))
    (model ${KISYS3DMOD}/Capacitor_SMD.3dshapes/C_0805_2012Metric.wrl
      (at (xyz 0 0 0))
      (scale (xyz 1 1 1))
      (rotate (xyz 0 0 0))
    )
  )

  (module Capacitor_SMD:C_0805_2012Metric (layer B.Cu) (tedit 5F68FEEE) (tstamp 6090650D)
    (at 143.698 90.17 180)
    (descr "Capacitor SMD 0805 (2012 Metric), square (rectangular) end terminal, IPC_7351 nominal, (Body size source: IPC-SM-782 page 76, https://www.pcb-3d.com/wordpress/wp-content/uploads/ipc-sm-782a_amendment_1_and_2.pdf, https://docs.google.com/spreadsheets/d/1BsfQQcO9C6DZCsRaXUlFlo91Tg2WpOkGARC1WS5S8t0/edit?usp=sharing), generated with kicad-footprint-generator")
    (tags capacitor)
    (path /60983A92)
    (attr smd)
    (fp_text reference C14 (at -2.1361 0.0635 90) (layer B.SilkS)
      (effects (font (size 0.5 0.5) (thickness 0.125)) (justify mirror))
    )
    (fp_text value 100nF (at 0 -1.68) (layer B.Fab)
      (effects (font (size 1 1) (thickness 0.15)) (justify mirror))
    )
    (fp_line (start -1 -0.625) (end -1 0.625) (layer B.Fab) (width 0.1))
    (fp_line (start -1 0.625) (end 1 0.625) (layer B.Fab) (width 0.1))
    (fp_line (start 1 0.625) (end 1 -0.625) (layer B.Fab) (width 0.1))
    (fp_line (start 1 -0.625) (end -1 -0.625) (layer B.Fab) (width 0.1))
    (fp_line (start -0.261252 0.735) (end 0.261252 0.735) (layer B.SilkS) (width 0.12))
    (fp_line (start -0.261252 -0.735) (end 0.261252 -0.735) (layer B.SilkS) (width 0.12))
    (fp_line (start -1.7 -0.98) (end -1.7 0.98) (layer B.CrtYd) (width 0.05))
    (fp_line (start -1.7 0.98) (end 1.7 0.98) (layer B.CrtYd) (width 0.05))
    (fp_line (start 1.7 0.98) (end 1.7 -0.98) (layer B.CrtYd) (width 0.05))
    (fp_line (start 1.7 -0.98) (end -1.7 -0.98) (layer B.CrtYd) (width 0.05))
    (fp_text user %R (at 0 0) (layer B.Fab)
      (effects (font (size 0.5 0.5) (thickness 0.08)) (justify mirror))
    )
    (pad 1 smd roundrect (at -0.95 0 180) (size 1 1.45) (layers B.Cu B.Paste B.Mask) (roundrect_rratio 0.25)
      (net 6 +3.3VA))
    (pad 2 smd roundrect (at 0.95 0 180) (size 1 1.45) (layers B.Cu B.Paste B.Mask) (roundrect_rratio 0.25)
      (net 2 GND))
    (model ${KISYS3DMOD}/Capacitor_SMD.3dshapes/C_0805_2012Metric.wrl
      (at (xyz 0 0 0))
      (scale (xyz 1 1 1))
      (rotate (xyz 0 0 0))
    )
  )

  (module Capacitor_SMD:C_0805_2012Metric (layer F.Cu) (tedit 5F68FEEE) (tstamp 608E63A5)
    (at 137.49274 95.87742 270)
    (descr "Capacitor SMD 0805 (2012 Metric), square (rectangular) end terminal, IPC_7351 nominal, (Body size source: IPC-SM-782 page 76, https://www.pcb-3d.com/wordpress/wp-content/uploads/ipc-sm-782a_amendment_1_and_2.pdf, https://docs.google.com/spreadsheets/d/1BsfQQcO9C6DZCsRaXUlFlo91Tg2WpOkGARC1WS5S8t0/edit?usp=sharing), generated with kicad-footprint-generator")
    (tags capacitor)
    (path /6093F827)
    (attr smd)
    (fp_text reference C15 (at -1.9025 0.0635) (layer F.SilkS)
      (effects (font (size 0.5 0.5) (thickness 0.125)))
    )
    (fp_text value 100nF (at 0 1.68 270) (layer F.Fab)
      (effects (font (size 1 1) (thickness 0.15)))
    )
    (fp_line (start -1 0.625) (end -1 -0.625) (layer F.Fab) (width 0.1))
    (fp_line (start -1 -0.625) (end 1 -0.625) (layer F.Fab) (width 0.1))
    (fp_line (start 1 -0.625) (end 1 0.625) (layer F.Fab) (width 0.1))
    (fp_line (start 1 0.625) (end -1 0.625) (layer F.Fab) (width 0.1))
    (fp_line (start -0.261252 -0.735) (end 0.261252 -0.735) (layer F.SilkS) (width 0.12))
    (fp_line (start -0.261252 0.735) (end 0.261252 0.735) (layer F.SilkS) (width 0.12))
    (fp_line (start -1.7 0.98) (end -1.7 -0.98) (layer F.CrtYd) (width 0.05))
    (fp_line (start -1.7 -0.98) (end 1.7 -0.98) (layer F.CrtYd) (width 0.05))
    (fp_line (start 1.7 -0.98) (end 1.7 0.98) (layer F.CrtYd) (width 0.05))
    (fp_line (start 1.7 0.98) (end -1.7 0.98) (layer F.CrtYd) (width 0.05))
    (fp_text user %R (at 0 0 270) (layer F.Fab)
      (effects (font (size 0.5 0.5) (thickness 0.08)))
    )
    (pad 1 smd roundrect (at -0.95 0 270) (size 1 1.45) (layers F.Cu F.Paste F.Mask) (roundrect_rratio 0.25)
      (net 4 +3V3))
    (pad 2 smd roundrect (at 0.95 0 270) (size 1 1.45) (layers F.Cu F.Paste F.Mask) (roundrect_rratio 0.25)
      (net 2 GND))
    (model ${KISYS3DMOD}/Capacitor_SMD.3dshapes/C_0805_2012Metric.wrl
      (at (xyz 0 0 0))
      (scale (xyz 1 1 1))
      (rotate (xyz 0 0 0))
    )
  )

